11 11
22 78 95 32 29 85 60 19 92 14  8 
85 38 57 49 89 46 15 56 85 53 33 
36 60 19 27  4  6 57 83 94 79 13 
41 63 43 27 76 14 71 90 22  8 81 
31 10 70 78 25 26 15 30 11 51 43 
30 78 47 88 87 82 35 67 96 28 30 
91  7 58  5 79 49 79 87 30 62 97 
 0 40 75 26 55 57 89  6  0 20 37 
 0 60 24 82 95 43 78 76 26 69 83 
84 26 62 33 57  2 15 20 51 15 12 
78 93 68 36 83 26 36 55 15 36 67 
11 11
 5 99 43 58 79  0  0 75 46  7 25 
34 36  4 40 36 67 24 66 11  1 37 
51 89 96 76  4 75 14 65 22 71 64 
17 29 95 18 81 22 16 88 99 50 76 
 3 43 64 71 67 31 34 21 20 85 10 
16 13 66 44 79 31 66 50 47 84 32 
94 54 13 16 22 54 67 24 30 71 67 
95 94 87 78 28 60 50 13 22 66 78 
88 10 57 71 29 59 70 65 91 64 19 
57 32 93 63 99 17 45 70 37 92 16 
76 22 44 36 72  9 58 91 87 98  1 
